Country,Lat,Long,Confirmed,Deaths,Recovered,Active
Australia,-25.00,133.00,7.834,104,7.037,693
Austria,47.52,14.55,17.766,705,16.478,583
Canada,60.00,-95.00,105.914,8.646,68.894,28.375
China,30.59,114.31,84.78,4.641,79.62,519
Denmark,56.26,9.50,12.968,605,11.849,514
Finland,61.92,25.75,7.214,328,6.6,286
France,46.23,2.21,201.522,29.816,76.124,95.582
Germany,51.17,10.45,195.391,8.982,177.787,8.622
Iceland,64.96,-19.02,1.842,10,1.819,13
Ireland,53.14,-7.69,25.462,1.735,23.364,363
Italy,41.87,12.57,240.578,34.767,190.248,15.563
Netherlands,52.32,5.55,50.483,6.132,186,44.165
Norway,60.47,8.47,8.866,249,8.138,479
Russia,61.52,105.32,646.929,9.306,411.973,225.65
Sweden,60.13,18.64,68.451,5.333,,63.118
Switzerland,46.82,8.23,31.714,1.963,29.1,651
United Kingdom,55.00,-3.00,314.159,43.815,1.368,268.976
US,40.00,-100.00,2.600.727,126.307,705.203,1.680.614
Spain,40.46,-3.75,249.271,28.355,150.376,70.541
Mexico,23.63,-102.55,220.657,27.121,170.147,23.389
Chile,-35.68,-71.54,275.999,5.575,236.154,34.27
Brazil,-14.23,-51.93,1.368.195,58.314,757.811,552.07
Peru,-9.19,-75.02,282.365,9.504,171.159,101.702
Colombia,4.57,-74.30,95.269,3.376,40.021,51.872
Japan,36.20,138.25,18.615,972,16.458,1.185
Ukraine,48.38,31.17,45.254,1.173,19.792,24.289
India,20.59,78.96,566.84,16.893,334.822,215.125
Pakistan,30.38,69.35,209.337,4.304,98.503,106.53
Afghanistan,33.94,67.71,31.517,746,14.131,16.64
Albania,41.15,20.17,2.535,62,1.459,1.014
Algeria,28.03,1.66,13.571,905,9.674,2.992
Andorra,42.51,1.52,855,52,799,4
Angola,-11.20,17.87,276,11,93,172
Antigua and Barbuda,17.06,-61.80,69,3,22,44
Argentina,-38.42,-63.62,62.268,1.283,22.028,38.957
Armenia,40.07,45.04,25.542,443,14.048,11.051
Azerbaijan,40.14,47.58,17.524,213,9.715,7.596
Bahamas,25.03,-78.04,104,11,87,6
Bahrain,26.03,50.55,26.239,86,20.928,5.225
Bangladesh,23.68,90.36,145.483,1.847,59.624,84.012
Barbados,13.19,-59.54,97,7,90,0
Belarus,53.71,27.95,62.118,392,46.054,15.672
Belgium,50.83,4.47,61.427,9.747,16.984,34.696
Belize,17.19,-88.50,24,2,18,4
Benin,9.31,2.32,1.199,21,333,845
Bhutan,27.51,90.43,77,0,44,33
Bolivia,-16.29,-63.59,32.125,1.071,8.928,22.126
Bosnia and Herzegovina,43.92,17.68,4.453,186,2.402,1.865
Botswana,-22.33,24.68,175,1,25,149
Brunei,4.54,114.73,141,3,138,0
Bulgaria,42.73,25.49,4.831,223,2.582,2.026
Burkina Faso,12.24,-1.56,962,53,838,71
Burma,21.92,95.96,299,6,222,71
Burundi,-3.37,29.92,170,1,115,54
Cabo Verde,16.54,-23.04,1.226,14,608,604
Cambodia,11.55,104.92,141,0,130,11
Cameroon,3.85,11.50,12.592,313,10.1,2.179
Central African Republic,6.61,20.94,3.613,47,773,2.793
Chad,15.45,18.73,866,74,781,11
Comoros,-11.65,43.33,272,7,161,104
Congo (Brazzaville),-0.23,15.83,1.087,37,456,594
Congo (Kinshasa),-4.04,21.76,7.039,170,1.426,5.443
Costa Rica,9.75,-83.75,3.269,15,1.394,1.86
Cote d'Ivoire,7.54,-5.55,9.214,66,3.996,5.152
Croatia,45.10,15.20,2.777,107,2.155,515
Cuba,21.52,-77.78,2.341,86,2.214,41
Cyprus,35.13,33.43,996,19,833,144
Czechia,49.82,15.47,11.895,349,7.77,3.776
Diamond Princess,,,712,13,651,48
Djibouti,11.83,42.59,4.682,54,4.524,104
Dominica,15.41,-61.37,18,0,18,0
Dominican Republic,18.74,-70.16,32.568,747,17.58,14.241
Ecuador,-1.83,-78.18,55.665,4.502,27.43,23.733
Egypt,26.82,30.80,66.754,2.872,17.951,45.931
El Salvador,13.79,-88.90,6.438,174,3.77,2.494
Equatorial Guinea,1.65,10.27,2.001,32,515,1.454
Eritrea,15.18,39.78,191,0,53,138
Estonia,58.60,25.01,1.989,69,1.829,91
Eswatini,-26.52,31.47,795,11,380,404
Ethiopia,9.14,40.49,5.846,103,2.43,3.313
Fiji,-17.71,178.06,18,0,18,0
Gabon,-0.80,11.61,5.394,42,2.42,2.932
Gambia,13.44,-15.31,47,2,26,19
Georgia,42.32,43.36,928,15,794,119
Ghana,7.95,-1.02,17.741,112,13.268,4.361
Greece,39.07,21.82,3.409,192,1.374,1.843
Grenada,12.12,-61.68,23,0,23,0
Guatemala,15.78,-90.23,17.409,746,3.17,13.493
Guinea,9.95,-9.70,5.351,31,4.296,1.024
Guinea-Bissau,11.80,-15.18,1.654,24,317,1.313
Guyana,4.86,-58.93,235,12,114,109
Haiti,18.97,-72.29,5.933,105,839,4.989
Holy See,41.90,12.45,12,0,12,0
Honduras,15.20,-86.24,18.818,485,1.961,16.372
Hungary,47.16,19.50,4.155,585,2.692,878
Indonesia,-0.79,113.92,56.385,2.876,24.806,28.703
Iran,32.43,53.69,227.662,10.817,188.758,28.087
Iraq,33.22,43.68,49.109,1.943,24.76,22.406
Israel,31.05,34.85,24.688,320,17.272,7.096
Jamaica,18.11,-77.30,698,10,553,135
Jordan,31.24,36.51,1.128,9,867,252
Kazakhstan,48.02,66.92,21.819,188,13.008,8.623
Kenya,-0.02,37.91,6.366,144,2.013,4.209
Korea. South,35.91,127.77,12.8,282,11.537,981
Kosovo,42.60,20.90,2.799,49,1.506,1.244
Kuwait,29.31,47.48,46.195,354,37.03,8.811
Kyrgyzstan,41.20,74.77,5.296,57,2.37,2.869
Laos,19.86,102.50,19,0,19,0
Latvia,56.88,24.60,1.118,30,974,114
Lebanon,33.85,35.86,1.778,34,1.183,561
Lesotho,-29.61,28.23,27,0,4,23
Liberia,6.43,-9.43,780,36,324,420
Libya,26.34,17.23,802,23,206,573
Liechtenstein,47.14,9.55,82,1,81,0
Lithuania,55.17,23.88,1.817,78,1.515,224
Luxembourg,49.82,6.13,4.299,110,3.998,191
MS Zaandam,,,9,2,,7
Madagascar,-18.77,46.87,2.214,20,994,1.2
Malawi,-13.25,34.30,1.224,14,260,950
Malaysia,4.21,101.98,8.639,121,8.354,164
Maldives,3.20,73.22,2.337,9,1.927,401
Mali,17.57,-4.00,2.173,115,1.447,611
Malta,35.94,14.38,670,9,640,21
Mauritania,21.01,-10.94,4.237,128,1.497,2.612
Mauritius,-20.35,57.55,341,10,326,5
Moldova,47.41,28.37,16.613,545,9.382,6.686
Monaco,43.73,7.42,103,4,95,4
Mongolia,46.86,103.85,220,0,175,45
Montenegro,42.71,19.37,548,12,315,221
Morocco,31.79,-7.09,12.385,225,8.839,3.321
Mozambique,-18.67,35.53,883,6,229,648
Namibia,-22.96,18.49,203,0,24,179
Nepal,28.17,84.25,13.564,29,3.194,10.341
New Zealand,-40.90,174.89,1.528,22,1.484,22
Nicaragua,12.87,-85.21,2.17,74,1.238,858
Niger,17.61,8.08,1.075,67,939,69
Nigeria,9.08,8.68,25.133,573,9.402,15.158
North Macedonia,41.61,21.75,6.334,302,2.475,3.557
Oman,21.51,55.92,40.07,176,23.425,16.469
Panama,8.54,-80.78,32.785,620,15.595,16.57
Papua New Guinea,-6.31,143.96,11,0,8,3
Paraguay,-23.44,-58.44,2.191,16,1.08,1.095
Philippines,12.88,121.77,37.514,1.266,10.233,26.015
Poland,51.92,19.15,34.393,1.463,21.281,11.649
Portugal,39.40,-8.22,42.141,1.576,27.505,13.06
Qatar,25.35,51.18,96.088,113,81.564,14.411
Romania,45.94,24.97,26.97,1.651,19.05,6.269
Rwanda,-1.94,29.87,1.001,2,443,556
Saint Kitts and Nevis,17.36,-62.78,15,0,15,0
Saint Lucia,13.91,-60.98,19,0,19,0
Saint Vincent and the Grenadines,12.98,-61.29,29,0,29,0
San Marino,43.94,12.46,698,42,656,0
Sao Tome and Principe,0.19,6.61,713,13,235,465
Saudi Arabia,23.89,45.08,190.823,1.649,130.766,58.408
Senegal,14.50,-14.45,6.793,112,4.431,2.25
Serbia,44.02,21.01,14.564,277,12.662,1.625
Seychelles,-4.68,55.49,77,0,11,66
Sierra Leone,8.46,-11.78,1.45,60,961,429
Singapore,1.28,103.83,43.907,26,38.5,5.381
Slovakia,48.67,19.70,1.667,28,1.464,175
Slovenia,46.15,15.00,1.6,111,1.384,105
Somalia,5.15,46.20,2.904,90,910,1.904
South Africa,-30.56,22.94,144.264,2.529,70.614,71.121
South Sudan,6.88,31.31,1.989,36,246,1.707
Sri Lanka,7.87,80.77,2.047,11,1.711,325
Sudan,12.86,30.22,9.257,572,4.014,4.671
Suriname,3.92,-56.03,501,13,217,271
Syria,34.80,39.00,279,9,105,165
Taiwan*,23.70,121.00,447,7,435,5
Tajikistan,38.86,71.28,5.9,52,4.506,1.342
Tanzania,-6.37,34.89,509,21,183,305
Thailand,15.87,100.99,3.171,58,3.056,57
Timor-Leste,-8.87,125.73,24,0,24,0
Togo,8.62,0.82,643,14,401,228
Trinidad and Tobago,10.69,-61.22,130,8,113,9
Tunisia,33.89,9.54,1.172,50,1.029,93
Turkey,38.96,35.24,198.613,5.115,171.809,21.689
Uganda,1.37,32.29,870,0,808,62
United Arab Emirates,23.42,53.85,48.667,315,37.566,10.786
Uruguay,-32.52,-55.77,932,27,822,83
Uzbekistan,41.38,64.59,8.385,25,5.569,2.791
Venezuela,6.42,-66.59,5.53,48,1.649,3.833
Vietnam,14.06,108.28,355,0,335,20
West Bank and Gaza,31.95,35.23,2.39,6,451,1.933
Western Sahara,24.22,-12.89,10,1,8,1
Yemen,15.55,48.52,1.128,304,432,392
Zambia,-13.13,27.85,1.568,22,1.311,235
Zimbabwe,-19.02,29.15,574,7,152,415